NUMBER OF ALLOWANCES EVOLUTION REPORT
==================================================
Format: Department > Corps > Grade
Years: 2013-2023 (Historical) | 2025-2030 (Predicted)
==================================================

+ 20.0
  + Corps des Agents des Affaires Economiques
                    2013  2014  2015  2016  2017  2018  2019  2020  2021  2022  2023  2025  2026  2027  2028  2029  2030
    INSPECTEUR D...  13389     204       0       0     401       0       0       0       0       0       0    4665    4665    4665    4665    4665    4665

  + Corps Administratif  Commun des Administrations Publiques
                    2013  2014  2015  2016  2017  2018  2019  2020  2021  2022  2023  2025  2026  2027  2028  2029  2030
    ATTACHE D'AD...  80546   89476   43922   47283   43449   43700   40821   36356       0       0       0   40292   40292   40292   40292   40292   40292

  + Corps des gestionnaires de documents et d'archives
                    2013  2014  2015  2016  2017  2018  2019  2020  2021  2022  2023  2025  2026  2027  2028  2029  2030
    GESTIONNAIRE...   6476    6453    8346    8583    8408    8263    6664    5176       0    1071    2959    3069    3069    3069    3069    3069    3069

  + Corps des Agents Temporaires
                    2013  2014  2015  2016  2017  2018  2019  2020  2021  2022  2023  2025  2026  2027  2028  2029  2030
    AGENT TEMPOR...   1691     523     191     180     950     863    1606     411       0      74     529     338     338     338     338     338     338

  + Corps du Personnel du Ministere de la Culture
                    2013  2014  2015  2016  2017  2018  2019  2020  2021  2022  2023  2025  2026  2027  2028  2029  2030
    ATTACHE CULT...   4021    4592    4995    6514    7212   11792   10106      32       0       0       0    7310    7310    7310    7310    7310    7310

  + CORPS DES TRAVAILLEURS SOCIAUX DU MINI. DES AFF. SOCIALES
                    2013  2014  2015  2016  2017  2018  2019  2020  2021  2022  2023  2025  2026  2027  2028  2029  2030
    TRAVAILLEUR ...  46316   57108   57949   53611   45288   48519   44471   43361       0    9662   32456   28493   28493   28493   28493   28493   28493

  + Corps du Pers. Administratif de la Chambre des Deputes
                    2013  2014  2015  2016  2017  2018  2019  2020  2021  2022  2023  2025  2026  2027  2028  2029  2030
    ADMINISTRATE...     25       0      47      52      48      44      47       0       0       0      25      39      39      39      39      39      39

  + Corps du Personnel de la C.P.F.
                    2013  2014  2015  2016  2017  2018  2019  2020  2021  2022  2023  2025  2026  2027  2028  2029  2030
    INSPECTEUR D...    335     353     255     140      99      91     195     197       0      64     100     120     120     120     120     120     120


+ 24.0
  + Corps des Agents des Affaires Economiques
                    2013  2014  2015  2016  2017  2018  2019  2020  2021  2022  2023  2025  2026  2027  2028  2029  2030
    ATTACHE INSP...   7171      78       0       0       0       0       0       0       0       0       0      78      78      78      78      78      78

  + Corps Administratif  Commun des Administrations Publiques
                    2013  2014  2015  2016  2017  2018  2019  2020  2021  2022  2023  2025  2026  2027  2028  2029  2030
    SECRETAIRE D...  50447   48113   25709   28727   27386   35029   29965   30346       0    8055   32383   23595   23595   23595   23595   23595   23595

  + Corps des personnel du Ministere des Finances
                    2013  2014  2015  2016  2017  2018  2019  2020  2021  2022  2023  2025  2026  2027  2028  2029  2030
    INSPECTEUR D...    368       0       0       0       0       0       0       0       0       0       0     368     368     368     368     368     368

  + Corps du Pers. Administratif de la Chambre des Deputes
                    2013  2014  2015  2016  2017  2018  2019  2020  2021  2022  2023  2025  2026  2027  2028  2029  2030
    ADMINISTRATE...     38      37       3       0       0       0       0       0       0       0       0      26      26      26      26      26      26

  + Corps du Personnel de la C.P.F.
                    2013  2014  2015  2016  2017  2018  2019  2020  2021  2022  2023  2025  2026  2027  2028  2029  2030
    ATTACHE D'IN...    153     185     200     239     274     328     202     177       0      39     121     112     112     112     112     112     112

  + CORPS DES TRAVAILLEURS SOCIAUX DU MINI. DES AFF. SOCIALES
                    2013  2014  2015  2016  2017  2018  2019  2020  2021  2022  2023  2025  2026  2027  2028  2029  2030
    TRAVAILLEUR ...    568      82      62      62      20       0       0       0       0       0       0      48      48      48      48      48      48


+ 1.0
  + Corps des Conseillers des Services Publics
                    2013  2014  2015  2016  2017  2018  2019  2020  2021  2022  2023  2025  2026  2027  2028  2029  2030
    CONSEILLER D...  18736   16257   14630   15887   14527   14924   15453   16158       0    4477   16960   12532   12532   12532   12532   12532   12532

  + Corps des conseillers des services financiers
                    2013  2014  2015  2016  2017  2018  2019  2020  2021  2022  2023  2025  2026  2027  2028  2029  2030
    CONSEILLER D...      0       0       0       0       0       0       0       0       0      66     160     160     160     160     160     160     160

  + Corps Administratif  Commun des Administrations Publiques
                    2013  2014  2015  2016  2017  2018  2019  2020  2021  2022  2023  2025  2026  2027  2028  2029  2030
    ADMINISTRATE...      0       0       0       0       0       0       0       0       0      50     363     363     363     363     363     363     363

  + Corps des gestionnaires de documents et d'archives
                    2013  2014  2015  2016  2017  2018  2019  2020  2021  2022  2023  2025  2026  2027  2028  2029  2030
    GESTIONNAIRE...      0       0       0       0       0       0       7     152       0     120     965     412     412     412     412     412     412

  + CORPS ADMINISTRATIF DU MINISTERE DE L'INTERIEUR
                    2013  2014  2015  2016  2017  2018  2019  2020  2021  2022  2023  2025  2026  2027  2028  2029  2030
    ADMINISTRATE...      0       0       0       0      33      50      99     116       0      25      15      52      52      52      52      52      52

  + CORPS ADMINISTRATIF DE L'ENS. SUP. ET DE LA RECH. SCIENTIFIQUE
                    2013  2014  2015  2016  2017  2018  2019  2020  2021  2022  2023  2025  2026  2027  2028  2029  2030
    ADMINISTRATE...      0       0     190     775    1729    9990   13110   13226       0    3117   17191   11178   11178   11178   11178   11178   11178

  + Corps du Pers. du Min. des domaines de l'Etat et aff. Fonc.
                    2013  2014  2015  2016  2017  2018  2019  2020  2021  2022  2023  2025  2026  2027  2028  2029  2030
    ADMINISTRATE...      0       0       0       0     171     437     544     660       0     201    1023     628     628     628     628     628     628

  + Corps des Psychologues des Administrations Publiques
                    2013  2014  2015  2016  2017  2018  2019  2020  2021  2022  2023  2025  2026  2027  2028  2029  2030
    PSYCHOLOGUE ...     34       5      79     100      92      98      97      99       0      16      99      71      71      71      71      71      71


+ 28.0
  + Corps des Agents des Affaires Economiques
                    2013  2014  2015  2016  2017  2018  2019  2020  2021  2022  2023  2025  2026  2027  2028  2029  2030
    CONTROLEUR D...   4415     376      39       0      34      57      52      52       0      13      50      38      38      38      38      38      38

  + Corps Administratif  Commun des Administrations Publiques
                    2013  2014  2015  2016  2017  2018  2019  2020  2021  2022  2023  2025  2026  2027  2028  2029  2030
    SECRETAIRE-D...  44305   35540    6319    5165    3724    3626    3028    2386       0      13       0    1809    1809    1809    1809    1809    1809

  + Corps du Personnel de la C.P.F.
                    2013  2014  2015  2016  2017  2018  2019  2020  2021  2022  2023  2025  2026  2027  2028  2029  2030
    CONTROLEUR D...    104     104     102     104      82      62      52      31       0       0       0      48      48      48      48      48      48


+ 12.0
  + Corps des Agents des Affaires Economiques
                    2013  2014  2015  2016  2017  2018  2019  2020  2021  2022  2023  2025  2026  2027  2028  2029  2030
    INSPECTEUR C...   4645      76      30       0     327       0       0       0       0       0       0     144     144     144     144     144     144

  + Corps des Agents Temporaires
                    2013  2014  2015  2016  2017  2018  2019  2020  2021  2022  2023  2025  2026  2027  2028  2029  2030
    AGENT TEMPOR...    469     182     147     398     657     346     328     132       0      33      53      73      73      73      73      73      73

  + Corps des personnel du Ministere des Finances
                    2013  2014  2015  2016  2017  2018  2019  2020  2021  2022  2023  2025  2026  2027  2028  2029  2030
    INSPECTEUR E...    368     286     169      28       0      36       0       0       0      25      98      53      53      53      53      53      53

  + Corps du Personnel du Ministere de la Culture
                    2013  2014  2015  2016  2017  2018  2019  2020  2021  2022  2023  2025  2026  2027  2028  2029  2030
    SECRETAIRE C...  29523   10929   10262   12706   11699   13044   10241      12       0       0       0    7766    7766    7766    7766    7766    7766

  + CORPS DES TRAVAILLEURS SOCIAUX DU MINI. DES AFF. SOCIALES
                    2013  2014  2015  2016  2017  2018  2019  2020  2021  2022  2023  2025  2026  2027  2028  2029  2030
    TRAVAILLEUR ...   9991   17701   22578   25044   25433   29912   34056   35612       0    8957   37091   27220   27220   27220   27220   27220   27220

  + Corps du Personnel de la C.P.F.
                    2013  2014  2015  2016  2017  2018  2019  2020  2021  2022  2023  2025  2026  2027  2028  2029  2030
    INSPECTEUR C...    199     360     467     609     597     500     422     447       0      60     234     247     247     247     247     247     247

  + Corps Conseillers Rapporteurs  serv. du contenieux de L'Etat
                    2013  2014  2015  2016  2017  2018  2019  2020  2021  2022  2023  2025  2026  2027  2028  2029  2030
    CONSEILLER R...   3562    2945    2217    2255    1105     806      78       0       0     168     824     357     357     357     357     357     357


+ 32.0
  + Corps Administratif  Commun des Administrations Publiques
                    2013  2014  2015  2016  2017  2018  2019  2020  2021  2022  2023  2025  2026  2027  2028  2029  2030
    COMMIS D'ADM...  34147   41042   26255   30026   28681   36825   31917   31244       0    6045   22224   19838   19838   19838   19838   19838   19838

  + Corps des Agents des Affaires Economiques
                    2013  2014  2015  2016  2017  2018  2019  2020  2021  2022  2023  2025  2026  2027  2028  2029  2030
    AGENT DE CON...   1049    1632    1854    1987    2066    2749     957      26       0       0       0    1244    1244    1244    1244    1244    1244

  + Corps du Personnel de la C.P.F.
                    2013  2014  2015  2016  2017  2018  2019  2020  2021  2022  2023  2025  2026  2027  2028  2029  2030
    AGENT DE CON...     52      52      51      63      59      74      53       0       0       0       0      62      62      62      62      62      62


+ 5.0
  + Corps Administratif  Commun des Administrations Publiques
                    2013  2014  2015  2016  2017  2018  2019  2020  2021  2022  2023  2025  2026  2027  2028  2029  2030
    ADMINISTRATEUR   62374   59192   21678   26360   26227   29999   28876   30152       0   10265   34731   25049   25049   25049   25049   25049   25049

  + CORPS DES ANIMATEURS CULTURELS RELEVANT DU MIN. DE LA CULTURE
                    2013  2014  2015  2016  2017  2018  2019  2020  2021  2022  2023  2025  2026  2027  2028  2029  2030
    PROFESSEUR P...      0    1883    2200    2246    5729   11067   23050   30022       0    9595   33034   24217   24217   24217   24217   24217   24217

  + CORPS ADMINISTRATIF DE L'ENS. SUP. ET DE LA RECH. SCIENTIFIQUE
                    2013  2014  2015  2016  2017  2018  2019  2020  2021  2022  2023  2025  2026  2027  2028  2029  2030
    ATTACHE DE L...      0       0   70505   91954   85144   86464   78890   78225       0   18594   57356   51392   51392   51392   51392   51392   51392

  + CORPS ADMINISTRATIF DU L'EDUCATION
                    2013  2014  2015  2016  2017  2018  2019  2020  2021  2022  2023  2025  2026  2027  2028  2029  2030
    ADMINISTRATE...      0       0       0       0      17      87      86     221       0      81     269     190     190     190     190     190     190

  + CORPS ADMINISTRATIF DU MINISTERE DE L'INTERIEUR
                    2013  2014  2015  2016  2017  2018  2019  2020  2021  2022  2023  2025  2026  2027  2028  2029  2030
    ADMINISTRATE...      0       0       0       0       0       0      23       0       0       0       0      23      23      23      23      23      23

  + Corps du Pers. du Min. des domaines de l'Etat et aff. Fonc.
                    2013  2014  2015  2016  2017  2018  2019  2020  2021  2022  2023  2025  2026  2027  2028  2029  2030
    ATTACHE D'AD...   4780    5113    4962    4750    4371    5034    4954    5407       0    1418    5365    4063    4063    4063    4063    4063    4063


+ 8.0
  + Corps des Agents des Affaires Economiques
                    2013  2014  2015  2016  2017  2018  2019  2020  2021  2022  2023  2025  2026  2027  2028  2029  2030
    INSPECTEUR E...   1293       0       0       0      43       0       0       0       0       0       0      43      43      43      43      43      43

  + Corps des Agents Temporaires
                    2013  2014  2015  2016  2017  2018  2019  2020  2021  2022  2023  2025  2026  2027  2028  2029  2030
    AGENT TEMPOR...   1016     249     370     683    1020     393     449     316       0      79     166     187     187     187     187     187     187

  + Corps des personnel du Ministere des Finances
                    2013  2014  2015  2016  2017  2018  2019  2020  2021  2022  2023  2025  2026  2027  2028  2029  2030
    INSPECTEUR G...    229     192     210     285     294     359     425     353       0      26      98     159     159     159     159     159     159

  + Corps du Personnel du Ministere de la Culture
                    2013  2014  2015  2016  2017  2018  2019  2020  2021  2022  2023  2025  2026  2027  2028  2029  2030
    CONSEILLER C...   4235    3358    6964    7413    8649   10724   10580     199       0      23       5      76      76      76      76      76      76

  + CORPS ADMINISTRATIF  ( A.M.V.P.P.C)
                    2013  2014  2015  2016  2017  2018  2019  2020  2021  2022  2023  2025  2026  2027  2028  2029  2030
    ADMINISTRATE...      0       0       0       0      58      14     144     151       0       0       0     103     103     103     103     103     103

  + CORPS DES ANIMATEURS CULTURELS RELEVANT DU MIN. DE LA CULTURE
                    2013  2014  2015  2016  2017  2018  2019  2020  2021  2022  2023  2025  2026  2027  2028  2029  2030
    PROFESSEUR H...      0       0       0       0       0       0       0       0       0       0     102     102     102     102     102     102     102

  + CORPS DES AGENTS ADMINISTRATIFS DE LA SANTE PUBLIQUE
                    2013  2014  2015  2016  2017  2018  2019  2020  2021  2022  2023  2025  2026  2027  2028  2029  2030
    ADMINISTRATE...     50      64      42     115     101      96      98      33       0      28      58      40      40      40      40      40      40

  + CORPS DES TRAVAILLEURS SOCIAUX DU MINI. DES AFF. SOCIALES
                    2013  2014  2015  2016  2017  2018  2019  2020  2021  2022  2023  2025  2026  2027  2028  2029  2030
    TRAVAILLEUR ...    820    1301    1424    1830    1848    1927    2406    2107       0     545    2893    1848    1848    1848    1848    1848    1848

  + CORPS ADMINISTRATIF DE L'ENS. SUP. ET DE LA RECH. SCIENTIFIQUE
                    2013  2014  2015  2016  2017  2018  2019  2020  2021  2022  2023  2025  2026  2027  2028  2029  2030
    AGENT D'ACCU...      0       0    3260    3689    2938     665     312     334       0      81     626     347     347     347     347     347     347

  + Corps Conseillers Rapporteurs  serv. du contenieux de L'Etat
                    2013  2014  2015  2016  2017  2018  2019  2020  2021  2022  2023  2025  2026  2027  2028  2029  2030
    CONSEILLER R...   4359    4327    4366    4131    3160    3183    3277    3244       0     425     856    1508    1508    1508    1508    1508    1508

  + Corps du Pers. du Min. des domaines de l'Etat et aff. Fonc.
                    2013  2014  2015  2016  2017  2018  2019  2020  2021  2022  2023  2025  2026  2027  2028  2029  2030
    AGENT D'ACCU...   2661    4010    4129    4260    3815    4244    3285    2818       0     466    1120    1468    1468    1468    1468    1468    1468

  + Corps du Personnel de la C.P.F.
                    2013  2014  2015  2016  2017  2018  2019  2020  2021  2022  2023  2025  2026  2027  2028  2029  2030
    INSPECTEUR E...      0       0       0      57      81     123     140      65       0      47     129      80      80      80      80      80      80


+ 16.0
  + Corps des gestionnaires de documents et d'archives
                    2013  2014  2015  2016  2017  2018  2019  2020  2021  2022  2023  2025  2026  2027  2028  2029  2030
    GESTIONNAIRE...   4721    5096    6201    6801    6799    7611    7947    8449       0    2216    8327    6331    6331    6331    6331    6331    6331

  + Corps des Agents Temporaires
                    2013  2014  2015  2016  2017  2018  2019  2020  2021  2022  2023  2025  2026  2027  2028  2029  2030
    AGENT TEMPOR...    484     268     256     327     817     738    1125     385       0      59     415     286     286     286     286     286     286

  + CORPS DES TRAVAILLEURS SOCIAUX DU MINI. DES AFF. SOCIALES
                    2013  2014  2015  2016  2017  2018  2019  2020  2021  2022  2023  2025  2026  2027  2028  2029  2030
    TRAVAILLEUR ...  34947   44608   46160   47647   45326   49801   47090   47883       0   12519   49811   36738   36738   36738   36738   36738   36738

  + Corps du Personnel du Ministere de la Culture
                    2013  2014  2015  2016  2017  2018  2019  2020  2021  2022  2023  2025  2026  2027  2028  2029  2030
    SECRETAIRE C...  12174    7919   10559   11114    9934   11468    7224       0       0       0       0    9542    9542    9542    9542    9542    9542

  + CORPS DES AGENTS ADMINISTRATIFS DE LA SANTE PUBLIQUE
                    2013  2014  2015  2016  2017  2018  2019  2020  2021  2022  2023  2025  2026  2027  2028  2029  2030
    ADMINISTRATE...     64       0       0       0       0       0     120      16       0       0       0      67      67      67      67      67      67

  + Corps des personnel du Ministere des Finances
                    2013  2014  2015  2016  2017  2018  2019  2020  2021  2022  2023  2025  2026  2027  2028  2029  2030
    INSPECTEUR C...    333     497     405     341     259     201     200     198       0      19      49      89      89      89      89      89      89

  + Corps Conseillers Rapporteurs  serv. du contenieux de L'Etat
                    2013  2014  2015  2016  2017  2018  2019  2020  2021  2022  2023  2025  2026  2027  2028  2029  2030
    CONSEILLER R...    393       0       0     201     755     817     832     844       0     625    1994    1154    1154    1154    1154    1154    1154


+ 36.0
  + Corps Administratif  Commun des Administrations Publiques
                    2013  2014  2015  2016  2017  2018  2019  2020  2021  2022  2023  2025  2026  2027  2028  2029  2030
    DACTYLOGRAPHE     3783    2571    2387    1555    1152     876     472     276       0       0       0     541     541     541     541     541     541


+ 4.0
  + Corps des Agents des Affaires Economiques
                    2013  2014  2015  2016  2017  2018  2019  2020  2021  2022  2023  2025  2026  2027  2028  2029  2030
    INSPECTEUR G...    139       0       0       0      43       0       0       0       0       0       0      43      43      43      43      43      43

  + Corps Administratif  Commun des Administrations Publiques
                    2013  2014  2015  2016  2017  2018  2019  2020  2021  2022  2023  2025  2026  2027  2028  2029  2030
    ADMINISTRATE...  26572   34695   13894   14625   14169   15953   19088   21768       0    7644   30887   20100   20100   20100   20100   20100   20100

  + Corps des Agents Temporaires
                    2013  2014  2015  2016  2017  2018  2019  2020  2021  2022  2023  2025  2026  2027  2028  2029  2030
    AGENT TEMPOR...    425    2297     525    3556    2792      55       8       9       0       3      11       8       8       8       8       8       8

  + Corps du Personnel du Ministere de la Culture
                    2013  2014  2015  2016  2017  2018  2019  2020  2021  2022  2023  2025  2026  2027  2028  2029  2030
    CONSEILLER C...    174      81     146     176     224     180     179       0       0       0       0     194     194     194     194     194     194

  + CORPS DES ANIMATEURS CULTURELS RELEVANT DU MIN. DE LA CULTURE
                    2013  2014  2015  2016  2017  2018  2019  2020  2021  2022  2023  2025  2026  2027  2028  2029  2030
    PROFESSEUR P...      0     170     194     202     391     881    1429    1652       0     469    5286    2469    2469    2469    2469    2469    2469

  + CORPS ADMINISTRATIF DU MINISTERE DE L'INTERIEUR
                    2013  2014  2015  2016  2017  2018  2019  2020  2021  2022  2023  2025  2026  2027  2028  2029  2030
    ADMINISTRATE...      0       0       0      13      54      59       0       0       0       0       0      42      42      42      42      42      42

  + CORPS ADMINISTRATIF  ( A.M.V.P.P.C)
                    2013  2014  2015  2016  2017  2018  2019  2020  2021  2022  2023  2025  2026  2027  2028  2029  2030
    ADMINISTRATE...      0       0       0       0       0       0       0       7       0       7       0       7       7       7       7       7       7

  + CORPS ADMINISTRATIF DE L'ENS. SUP. ET DE LA RECH. SCIENTIFIQUE
                    2013  2014  2015  2016  2017  2018  2019  2020  2021  2022  2023  2025  2026  2027  2028  2029  2030
    ADMINSTRATEU...      0       0   67136   66521   60046   80323   81831   80912       0   19114   76842   58956   58956   58956   58956   58956   58956

  + Corps du Pers. Administratif de la Chambre des Deputes
                    2013  2014  2015  2016  2017  2018  2019  2020  2021  2022  2023  2025  2026  2027  2028  2029  2030
    CONSEILLER D...    338     312     124       0       0       0       0       0       0       0       0     258     258     258     258     258     258

  + Corps du Pers. du Min. des domaines de l'Etat et aff. Fonc.
                    2013  2014  2015  2016  2017  2018  2019  2020  2021  2022  2023  2025  2026  2027  2028  2029  2030
    ADMINISTRATE...   7037    6769    6091    6931    6730    7368    7124    6789       0    1395    4533    4239    4239    4239    4239    4239    4239

  + CORPS DES TRAVAILLEURS SOCIAUX DU MINI. DES AFF. SOCIALES
                    2013  2014  2015  2016  2017  2018  2019  2020  2021  2022  2023  2025  2026  2027  2028  2029  2030
    TRAVAILLEUR ...    156     348     567     546     477     486     368     387       0     165     606     386     386     386     386     386     386

  + CORPS ADMINISTRATIF DU L'EDUCATION
                    2013  2014  2015  2016  2017  2018  2019  2020  2021  2022  2023  2025  2026  2027  2028  2029  2030
    ADMINISTRATE...      0       0       0       0       0      98      74     102       0      78     305     162     162     162     162     162     162

  + Corps des Psychologues des Administrations Publiques
                    2013  2014  2015  2016  2017  2018  2019  2020  2021  2022  2023  2025  2026  2027  2028  2029  2030
    PSYCHOLOGUE       6311    6818    7698    7494    6278    5687    4987    4432       0     902    3795    3043    3043    3043    3043    3043    3043

  + CORPS DES AGENTS ADMINISTRATIFS DE LA SANTE PUBLIQUE
                    2013  2014  2015  2016  2017  2018  2019  2020  2021  2022  2023  2025  2026  2027  2028  2029  2030
    ADMINISTRATE...      0       0       0       0       0       0      86     163       0      24      96      94      94      94      94      94      94

  + Corps Conseillers Rapporteurs  serv. du contenieux de L'Etat
                    2013  2014  2015  2016  2017  2018  2019  2020  2021  2022  2023  2025  2026  2027  2028  2029  2030
    CONSEILLER R...   1723    2647    3043    2968    4181    4922    5407    5573       0    1756    7191    4840    4840    4840    4840    4840    4840

  + Corps des redacteurs d'actes de la C.P.F.
                    2013  2014  2015  2016  2017  2018  2019  2020  2021  2022  2023  2025  2026  2027  2028  2029  2030
    REDACTEUR AD...     58      64      64      42       0       0       0       0       0       0       0      57      57      57      57      57      57
    REDACTEUR AC...      0       0       6      96     154     138      51       0       0       0       0     114     114     114     114     114     114


+ 9.0
  + Corps des personnels des bibliotheques , documentation
                    2013  2014  2015  2016  2017  2018  2019  2020  2021  2022  2023  2025  2026  2027  2028  2029  2030
    CONSERVATEUR...   6037    9118   12019   15639   18323   23240   27617   33782       0    9071   38863   27239   27239   27239   27239   27239   27239

  + CORPS DES ANIMATEURS CULTURELS RELEVANT DU MIN. DE LA CULTURE
                    2013  2014  2015  2016  2017  2018  2019  2020  2021  2022  2023  2025  2026  2027  2028  2029  2030
    PROFESSEUR D...    806   25803   30638   32827   27418   26556   22651   24158       0    5043   21608   16936   16936   16936   16936   16936   16936


+ 44.0
  + Corps Administratif  Commun des Administrations Publiques
                    2013  2014  2015  2016  2017  2018  2019  2020  2021  2022  2023  2025  2026  2027  2028  2029  2030
    AGENT D'ACCUEIL   4110   12163   11844   13602   13777   17818   15204   14193       0    1717    5893    7268    7268    7268    7268    7268    7268


+ 2.0
  + Corps Administratif  Commun des Administrations Publiques
                    2013  2014  2015  2016  2017  2018  2019  2020  2021  2022  2023  2025  2026  2027  2028  2029  2030
    ADMINISTRATE...    731    1079     796     637     797     727     904    1374       0    1208    5547    2710    2710    2710    2710    2710    2710

  + Corps des gestionnaires de documents et d'archives
                    2013  2014  2015  2016  2017  2018  2019  2020  2021  2022  2023  2025  2026  2027  2028  2029  2030
    GESTIONNAIRE...      0       0       0     253    1289    1729    2142    2619       0     822    2830    2090    2090    2090    2090    2090    2090

  + CORPS ADMINISTRATIF DU MINISTERE DE L'INTERIEUR
                    2013  2014  2015  2016  2017  2018  2019  2020  2021  2022  2023  2025  2026  2027  2028  2029  2030
    ADMINISTRATE...      0       0       0       0     100     158     150     167       0      35     179     127     127     127     127     127     127

  + CORPS ADMINISTRATIF DU L'EDUCATION
                    2013  2014  2015  2016  2017  2018  2019  2020  2021  2022  2023  2025  2026  2027  2028  2029  2030
    ADMINISTRATE...      0       0       0      21     105     177     116      86       0      27     108      74      74      74      74      74      74

  + CORPS ADMINISTRATIF DE L'ENS. SUP. ET DE LA RECH. SCIENTIFIQUE
                    2013  2014  2015  2016  2017  2018  2019  2020  2021  2022  2023  2025  2026  2027  2028  2029  2030
    ADMINISTRATE...      0       0   12419   26713   26235   35111   35205   35779       0    8810   53926   32838   32838   32838   32838   32838   32838

  + Corps des conseillers des services financiers
                    2013  2014  2015  2016  2017  2018  2019  2020  2021  2022  2023  2025  2026  2027  2028  2029  2030
    CONSEILLER D...      0       0       0       0       0       0       0       0       0      25      98      98      98      98      98      98      98

  + Corps des Psychologues des Administrations Publiques
                    2013  2014  2015  2016  2017  2018  2019  2020  2021  2022  2023  2025  2026  2027  2028  2029  2030
    PSYCHOLOGUE ...     79      98     134     262     378     444     457     478       0     186     760     475     475     475     475     475     475

  + Corps du Pers. du Min. des domaines de l'Etat et aff. Fonc.
                    2013  2014  2015  2016  2017  2018  2019  2020  2021  2022  2023  2025  2026  2027  2028  2029  2030
    ADMINISTRATE...   1465    1572    1857    2341    2344    3233    3902    4681       0    1314    5502    3832    3832    3832    3832    3832    3832


+ 3.0
  + Corps Administratif  Commun des Administrations Publiques
                    2013  2014  2015  2016  2017  2018  2019  2020  2021  2022  2023  2025  2026  2027  2028  2029  2030
    ADMINISTRATE...   3386   12767    4593    5539    5527    5891    5954    6235       0    3851   18144    9410    9410    9410    9410    9410    9410

  + Corps des personnels des bibliotheques , documentation
                    2013  2014  2015  2016  2017  2018  2019  2020  2021  2022  2023  2025  2026  2027  2028  2029  2030
    CONSERVATEUR...      0       0       1      86      39       0       9      88       0      44     512     215     215     215     215     215     215

  + Corps des gestionnaires de documents et d'archives
                    2013  2014  2015  2016  2017  2018  2019  2020  2021  2022  2023  2025  2026  2027  2028  2029  2030
    GESTIONNAIRE...      0       0       0     501    2788    3567    4235    4907       0    1363    6235    4168    4168    4168    4168    4168    4168

  + CORPS ADMINISTRATIF DU L'EDUCATION
                    2013  2014  2015  2016  2017  2018  2019  2020  2021  2022  2023  2025  2026  2027  2028  2029  2030
    ADMINISTRATE...      6      82      72       7      85     264     184     207       0      84     325     205     205     205     205     205     205

  + CORPS ADMINISTRATIF DU MINISTERE DE L'INTERIEUR
                    2013  2014  2015  2016  2017  2018  2019  2020  2021  2022  2023  2025  2026  2027  2028  2029  2030
    ADMINISTRATE...      0       0       0       0       0     160     370     363       0      47     228     213     213     213     213     213     213

  + CORPS DES ANIMATEURS CULTURELS RELEVANT DU MIN. DE LA CULTURE
                    2013  2014  2015  2016  2017  2018  2019  2020  2021  2022  2023  2025  2026  2027  2028  2029  2030
    PROFESSEUR P...      0       0       0       0       0       0       0       0       0       0     208     208     208     208     208     208     208

  + CORPS ADMINISTRATIF DE L'ENS. SUP. ET DE LA RECH. SCIENTIFIQUE
                    2013  2014  2015  2016  2017  2018  2019  2020  2021  2022  2023  2025  2026  2027  2028  2029  2030
    ADMINISTRATE...      0       0   46880   68905   75452   73146   73605   73911       0   18219   67297   53142   53142   53142   53142   53142   53142

  + Corps du Pers. du Min. des domaines de l'Etat et aff. Fonc.
                    2013  2014  2015  2016  2017  2018  2019  2020  2021  2022  2023  2025  2026  2027  2028  2029  2030
    ADMINISTRATE...   6615    7647    7650    7569    6667    6392    6587    6729       0    1807    8316    5617    5617    5617    5617    5617    5617

  + Corps des Psychologues des Administrations Publiques
                    2013  2014  2015  2016  2017  2018  2019  2020  2021  2022  2023  2025  2026  2027  2028  2029  2030
    PSYCHOLOGUE ...   1202    1491    2805    3592    3965    5278    6184    6663       0    1729    6540    4977    4977    4977    4977    4977    4977

  + Corps des redacteurs d'actes de la C.P.F.
                    2013  2014  2015  2016  2017  2018  2019  2020  2021  2022  2023  2025  2026  2027  2028  2029  2030
    REDACTEUR PR...      0       0       0       0       0      32      75      76       0       0       0      61      61      61      61      61      61


+ 22.0
  + Corps des Agents Temporaires
                    2013  2014  2015  2016  2017  2018  2019  2020  2021  2022  2023  2025  2026  2027  2028  2029  2030
    AGENT TEMPOR...    301      56      13      33     287     199     634     262       0      74     372     236     236     236     236     236     236

  + CORPS DES AGENTS ADMINISTRATIFS DE LA SANTE PUBLIQUE
                    2013  2014  2015  2016  2017  2018  2019  2020  2021  2022  2023  2025  2026  2027  2028  2029  2030
    COMMIS DE LA...      0       0       0       0       0       0       0      67       0      18      72      52      52      52      52      52      52


+ 6.0
  + Corps Administratif  Commun des Administrations Publiques
                    2013  2014  2015  2016  2017  2018  2019  2020  2021  2022  2023  2025  2026  2027  2028  2029  2030
    ADMINISTRATE...      0       0       0       0       0       0       0    1252       0    6706   29089   12349   12349   12349   12349   12349   12349

  + CORPS ADMINISTRATIF DU L'EDUCATION
                    2013  2014  2015  2016  2017  2018  2019  2020  2021  2022  2023  2025  2026  2027  2028  2029  2030
    SECRETAIRE D...      0       8       0       0       0       0      64      86       0      24     126      79      79      79      79      79      79

  + Corps des personnels des bibliotheques , documentation
                    2013  2014  2015  2016  2017  2018  2019  2020  2021  2022  2023  2025  2026  2027  2028  2029  2030
    CONSERVATEUR...    728     714    1452    1915    2231    2442    3209    4245       0    1327    9354    4975    4975    4975    4975    4975    4975

  + Corps du Personnel du Ministere de la Culture
                    2013  2014  2015  2016  2017  2018  2019  2020  2021  2022  2023  2025  2026  2027  2028  2029  2030
    CONSEILLER C...    512     654     671     639     746    1166    1021      26       0       0       0     738     738     738     738     738     738

  + CORPS ADMINISTRATIF DE L'ENS. SUP. ET DE LA RECH. SCIENTIFIQUE
                    2013  2014  2015  2016  2017  2018  2019  2020  2021  2022  2023  2025  2026  2027  2028  2029  2030
    SECRETAIRE D...      0       0   50534   49032   40570   36585   34188   34354       0    8208   22985   21849   21849   21849   21849   21849   21849

  + Corps du Pers. du Min. des domaines de l'Etat et aff. Fonc.
                    2013  2014  2015  2016  2017  2018  2019  2020  2021  2022  2023  2025  2026  2027  2028  2029  2030
    SECRETAIRE D...   6001    6470    6261    6356    5776    7543    7068    7462       0    2057    8304    5941    5941    5941    5941    5941    5941


+ 18.0
  + CORPS DES AGENTS ADMINISTRATIFS DE LA SANTE PUBLIQUE
                    2013  2014  2015  2016  2017  2018  2019  2020  2021  2022  2023  2025  2026  2027  2028  2029  2030
    ATTACHE DE L...      0       0       0       0       0       0       0       0       0       0      36      36      36      36      36      36      36


+ 46.0
  + Corps des personnels des bibliotheques , documentation
                    2013  2014  2015  2016  2017  2018  2019  2020  2021  2022  2023  2025  2026  2027  2028  2029  2030
    BIBLIOTHECAI...   9716   10402   13058   13395   10983   11067    8631    7403       0    2400    8136    5980    5980    5980    5980    5980    5980


+ 43.0
  + Corps des personnels des bibliotheques , documentation
                    2013  2014  2015  2016  2017  2018  2019  2020  2021  2022  2023  2025  2026  2027  2028  2029  2030
    BIBLIOTHECAI...  14747   12572   10360    9637    3994    3614    2995    3697       0       0       0    3435    3435    3435    3435    3435    3435


+ 33.0
  + Corps du Personnel du Ministere de la Culture
                    2013  2014  2015  2016  2017  2018  2019  2020  2021  2022  2023  2025  2026  2027  2028  2029  2030
    COMMIS CULTUREL   3778    4888    6353    8899   10602   16577   12979      66       0       0       0    9874    9874    9874    9874    9874    9874

  + Corps des personnels des bibliotheques , documentation
                    2013  2014  2015  2016  2017  2018  2019  2020  2021  2022  2023  2025  2026  2027  2028  2029  2030
    BIBLIOTHECAI...  12484   14059   20557   20893   18619   18967   16440   14145       0    6333   23504   14661   14661   14661   14661   14661   14661


+ 27.0
  + Corps des personnels des bibliotheques , documentation
                    2013  2014  2015  2016  2017  2018  2019  2020  2021  2022  2023  2025  2026  2027  2028  2029  2030
    BIBLIOTHECAIRE   11045    8100    9198    7205   10920   13028   16340   19420       0       0       0   16263   16263   16263   16263   16263   16263


+ 66.0
  + Corps des personnels des bibliotheques , documentation
                    2013  2014  2015  2016  2017  2018  2019  2020  2021  2022  2023  2025  2026  2027  2028  2029  2030
    COMMIS DES  ...   5605    6364    8325   10511   10925   16471   13988   13698       0    3058   10092    8949    8949    8949    8949    8949    8949


+ 61.0
  + Corps des personnels des bibliotheques , documentation
                    2013  2014  2015  2016  2017  2018  2019  2020  2021  2022  2023  2025  2026  2027  2028  2029  2030
    AIDE BIBLIOT...   3686    4546    5856    7162    6458   11084   12775   16442       0    4387   17849   12893   12893   12893   12893   12893   12893


+ 40.0
  + Corps du Personnel du Ministere de la Culture
                    2013  2014  2015  2016  2017  2018  2019  2020  2021  2022  2023  2025  2026  2027  2028  2029  2030
    AGENT CULTUREL     970    2505    3572    5617    7321   12340   10047     161       0       0       0    7516    7516    7516    7516    7516    7516

  + Corps Administratif  Commun des Administrations Publiques
                    2013  2014  2015  2016  2017  2018  2019  2020  2021  2022  2023  2025  2026  2027  2028  2029  2030
    DACTYLOGRAPH...    344     256     307     324     298     406     463     368       0       0       0     412     412     412     412     412     412


+ 10.0
  + CORPS ADMINISTRATIF  ( A.M.V.P.P.C)
                    2013  2014  2015  2016  2017  2018  2019  2020  2021  2022  2023  2025  2026  2027  2028  2029  2030
    ADMINISTRATE...     35      64      74      76      12       0       0       0       0      23      71      35      35      35      35      35      35

  + CORPS DES ANIMATEURS CULTURELS RELEVANT DU MIN. DE LA CULTURE
                    2013  2014  2015  2016  2017  2018  2019  2020  2021  2022  2023  2025  2026  2027  2028  2029  2030
    PROFESSEUR A...      0    6705    8164    8609    7708    5982    2136    2946       0     444     700    1363    1363    1363    1363    1363    1363

  + CORPS DES AGENTS ADMINISTRATIFS DE LA SANTE PUBLIQUE
                    2013  2014  2015  2016  2017  2018  2019  2020  2021  2022  2023  2025  2026  2027  2028  2029  2030
    ADMINISTRATE...     35       0       0       0       0      86     109     298       0      27      54     126     126     126     126     126     126


+ 19.0
  + CORPS ADMINISTRATIF  ( A.M.V.P.P.C)
                    2013  2014  2015  2016  2017  2018  2019  2020  2021  2022  2023  2025  2026  2027  2028  2029  2030
    SECRETAIRE D...      0       0       0       0      32      16      71      64       0       0       0      50      50      50      50      50      50


+ 13.0
  + CORPS ADMINISTRATIF  ( A.M.V.P.P.C)
                    2013  2014  2015  2016  2017  2018  2019  2020  2021  2022  2023  2025  2026  2027  2028  2029  2030
    ADMINISTRATE...      0       0       0       0      18      20      60      84       0      17      83      61      61      61      61      61      61


+ 15.0
  + CORPS ADMINISTRATIF  ( A.M.V.P.P.C)
                    2013  2014  2015  2016  2017  2018  2019  2020  2021  2022  2023  2025  2026  2027  2028  2029  2030
    ATTACHE D'AD...      0       0       0       0       0       0       0      21       0      23      95      46      46      46      46      46      46


+ 7.0
  + CORPS ADMINISTRATIF DU L'EDUCATION
                    2013  2014  2015  2016  2017  2018  2019  2020  2021  2022  2023  2025  2026  2027  2028  2029  2030
    COMMIS D'ADM...      0       0       0       0       0       0       0       0       0      21     135     135     135     135     135     135     135

  + CORPS ADMINISTRATIF DE L'ENS. SUP. ET DE LA RECH. SCIENTIFIQUE
                    2013  2014  2015  2016  2017  2018  2019  2020  2021  2022  2023  2025  2026  2027  2028  2029  2030
    COMMIS DE L'...      0       0   17502   12670   13208   17418   16145   17539       0    4180   16830   12850   12850   12850   12850   12850   12850

  + Corps du Pers. du Min. des domaines de l'Etat et aff. Fonc.
                    2013  2014  2015  2016  2017  2018  2019  2020  2021  2022  2023  2025  2026  2027  2028  2029  2030
    COMMIS D'ADM...   7203    9351    9566    9784    8810   11022    8465    7695       0    1729    6057    5160    5160    5160    5160    5160    5160


+ 52.0
  + CORPS  ADMINISTRATIF DES COMMUNICATIONS
                    2013  2014  2015  2016  2017  2018  2019  2020  2021  2022  2023  2025  2026  2027  2028  2029  2030
    COMMIS DES C...    341     355     172     115      99     105     103     103       0      25      89      72      72      72      72      72      72


+ 70.0
  + Corps des personnels des bibliotheques , documentation
                    2013  2014  2015  2016  2017  2018  2019  2020  2021  2022  2023  2025  2026  2027  2028  2029  2030
    AGENT D'ACCU...    200     192     171      78      26       0       0       0       0       0      69      58      58      58      58      58      58


+ 34.0
  + Corps du Personnel de la C.P.F.
                    2013  2014  2015  2016  2017  2018  2019  2020  2021  2022  2023  2025  2026  2027  2028  2029  2030
    PREPOSE DE L...      0       0       0       0       0       0      26      52       0      12      50      38      38      38      38      38      38
